289.8 213.2 112.7 -32.2 84.6
241.0 225.1 -2.1 -32.4 42.2
117.9 230.4 -50.8 -33.0 -0.8
-6.2 230.4 -3.0 -32.4 -44.4
-62.8 230.4 130.8 -32.8 -92.0
-3.4 230.4 260.0 -34.0 -138.6
121.1 230.4 303.8 -33.6 179.6
193.6 203.3 244.7 -32.2 161.0
212.7 158.8 164.4 -22.8 125.6
223.6 156.2 58.0 -12.2 48.4
253.9 111.1 -16.9 8.4 43.0
299.4 66.6 95.0 16.2 81.2
239.6 59.2 244.4 33.4 141.2
0.5 0.8 -0.1 -26.4 0.6
-0.1 0.8 0.2 -24.4 -60.0
-0.2 0.8 0.4 -24.0 -79.8
-0.2 0.8 0.6 -23.8 -99.4
-0.1 0.8 0.8 -23.4 -122.4
0.1 0.8 1.0 -23.2 -143.0
0.3 0.8 1.1 -23.4 -169.6
0.6 0.8 1.1 -22.8 165.6
0.9 0.8 1.0 -23.2 142.2
1.0 0.8 0.7 -24.0 114.4
1.0 0.7 0.6 -23.0 98.0
0.9 0.7 0.4 -25.0 77.6
0.9 0.6 0.2 -12.8 50.6
0.8 0.4 0.0 2.6 33.6
0.7 0.3 -0.1 16.0 17.4
0.5 0.2 -0.1 30.0 -1.8
0.3 0.1 0.0 41.4 -18.2
0.2 0.1 0.3 47.8 -47.0
0.2 0.0 0.6 57.8 -100.0
0.1 -0.1 0.7 51.6 -120.8
-0.2 -0.0 0.9 32.6 -124.0
-0.3 0.1 1.2 21.4 -134.0
-0.1 0.2 1.6 12.8 -151.2
0.1 0.5 2.0 0.0 -165.8
0.3 0.7 2.3 -7.8 -175.6
0.7 1.1 2.5 -18.2 174.4
1.8 1.6 2.8 -23.6 150.0
0.8 0.7 1.0 -22.2 149.0
0.5 0.5 -0.4 -2.8 -1.0
-0.4 0.5 0.5 -3.4 -91.4
0.6 0.6 1.3 -6.8 171.6
1.3 0.6 0.5 -9.4 87.0
1.1 1.2 0.5 -52.0 87.2
0.5 1.2 1.1 -48.6 173.4
-0.1 1.2 0.7 -46.0 -107.4
0.2 1.3 0.0 -51.4 -29.2
0.9 1.3 0.1 -50.4 45.6
1.1 -0.0 -0.1 32.4 45.8
0.8 0.8 -0.1 -26.6 26.2
0.3 0.8 -0.2 -25.0 -15.4
0.7 0.8 -0.4 -19.4 16.4
0.0 0.8 -0.3 -19.6 -28.2
